name: epa_mh
channels:
  - conda-forge
dependencies:
  - _python_abi3_support=1.0=hd8ed1ab_2
  - asttokens=3.0.1=pyhd8ed1ab_0
  - backports.zstd=1.2.0=py314h680f03e_0
  - brotli-python=1.2.0=py314he701e3d_1
  - bzip2=1.0.8=h0ad9c76_8
  - ca-certificates=2025.11.12=h4c7d964_0
  - certifi=2025.11.12=pyhd8ed1ab_0
  - charset-normalizer=3.4.4=pyhd8ed1ab_0
  - colorama=0.4.6=pyhd8ed1ab_1
  - comm=0.2.3=pyhe01879c_0
  - cpython=3.14.2=py314hd8ed1ab_100
  - debugpy=1.8.19=py314hb98de8c_0
  - decorator=5.2.1=pyhd8ed1ab_0
  - defusedxml=0.7.1=pyhd8ed1ab_0
  - executing=2.2.1=pyhd8ed1ab_0
  - h2=4.3.0=pyhcf101f3_0
  - hpack=4.1.0=pyhd8ed1ab_0
  - httpie=3.2.4=pyh31a35d3_1
  - hyperframe=6.1.0=pyhd8ed1ab_0
  - idna=3.11=pyhd8ed1ab_0
  - ipykernel=7.1.0=pyh6dadd2b_0
  - ipython=9.8.0=pyhe2676ad_0
  - ipython_pygments_lexers=1.1.1=pyhd8ed1ab_0
  - jedi=0.19.2=pyhd8ed1ab_1
  - jupyter_client=8.7.0=pyhcf101f3_0
  - jupyter_core=5.9.1=pyh6dadd2b_0
  - krb5=1.21.3=hdf4eb48_0
  - libexpat=2.7.3=hac47afa_0
  - libffi=3.5.2=h52bdfb6_0
  - liblzma=5.8.1=h2466b09_2
  - libmpdec=4.0.0=h2466b09_0
  - libsodium=1.0.20=hc70643c_0
  - libsqlite=3.51.1=hf5d6505_1
  - libzlib=1.3.1=h2466b09_2
  - markdown-it-py=4.0.0=pyhd8ed1ab_0
  - matplotlib-inline=0.2.1=pyhd8ed1ab_0
  - mdurl=0.1.2=pyhd8ed1ab_1
  - multidict=6.7.0=pyh62beb40_0
  - nest-asyncio=1.6.0=pyhd8ed1ab_1
  - openssl=3.6.0=h725018a_0
  - packaging=25.0=pyh29332c3_1
  - parso=0.8.5=pyhcf101f3_0
  - pip=25.3=pyh145f28c_0
  - platformdirs=4.5.1=pyhcf101f3_0
  - prompt-toolkit=3.0.52=pyha770c72_0
  - psutil=7.2.1=py314hc5dbbe4_0
  - pure_eval=0.2.3=pyhd8ed1ab_1
  - pygments=2.19.2=pyhd8ed1ab_0
  - pysocks=1.7.1=pyh09c184e_7
  - python=3.14.2=h4b44e0e_100_cp314
  - python-dateutil=2.9.0.post0=pyhe01879c_2
  - python-dotenv=1.2.1=pyhcf101f3_0
  - python-gil=3.14.2=h4df99d1_100
  - python_abi=3.14=8_cp314
  - pywin32=311=py314h8f8f202_1
  - pyzmq=27.1.0=py312hbb5da91_0
  - requests=2.32.5=pyhcf101f3_1
  - requests-toolbelt=1.0.0=pyhd8ed1ab_1
  - rich=14.2.0=pyhcf101f3_0
  - setuptools=80.9.0=pyhff2d567_0
  - six=1.17.0=pyhe01879c_1
  - stack_data=0.6.3=pyhd8ed1ab_1
  - tk=8.6.13=h2c6b04d_3
  - tornado=6.5.4=py314h5a2d7ad_0
  - traitlets=5.14.3=pyhd8ed1ab_1
  - typing-extensions=4.15.0=h396c80c_0
  - typing_extensions=4.15.0=pyhcf101f3_0
  - tzdata=2025c=hc9c84f9_1
  - ucrt=10.0.26100.0=h57928b3_0
  - urllib3=2.6.2=pyhd8ed1ab_0
  - vc=14.3=h2b53caa_33
  - vc14_runtime=14.44.35208=h818238b_33
  - vcomp14=14.44.35208=h818238b_33
  - wcwidth=0.2.14=pyhd8ed1ab_0
  - win_inet_pton=1.1.0=pyh7428d3b_8
  - zeromq=4.3.5=h5bddc39_9
  - zstd=1.5.7=h534d264_6
prefix: C:\Users\nml\AppData\Local\miniforge3\envs\epa_mh
